{
 "cells": [
  {
   "cell_type": "code",
   "execution_count": 2,
   "id": "1450a681-2c80-4e64-b37b-541e7414e6de",
   "metadata": {
    "tags": []
   },
   "outputs": [],
   "source": [
    "import pandas as pd\n",
    "import numpy as np\n",
    "import matplotlib.pyplot as plt\n",
    "# For any inline visualizations or graphs in the project here we use the below code\n",
    "%matplotlib inline"
   ]
  },
  {
   "cell_type": "markdown",
   "id": "b94e328c-7998-42d3-9ea5-3b87a21b5cee",
   "metadata": {},
   "source": [
    "# Lets the load the Boston House Pricing Dataset"
   ]
  },
  {
   "cell_type": "markdown",
   "id": "4e847161-ae7b-4475-a470-5a95c91868f9",
   "metadata": {},
   "source": [
    "### Domain: Real Estate\n",
    "\n",
    "#### Challenges: Missing value treatment, Outlier treatment, and Understanding which variables drive the price of homes in Boston"
   ]
  },
  {
   "cell_type": "code",
   "execution_count": 3,
   "id": "a60af7cd-8718-46cf-89e6-2814bd901261",
   "metadata": {
    "tags": []
   },
   "outputs": [],
   "source": [
    "housing = pd.read_csv(r'C:\\Users\\nvenk\\Downloads\\HousingData.csv')"
   ]
  },
  {
   "cell_type": "code",
   "execution_count": 4,
   "id": "54645831-cb48-4878-a4b5-bd903d5156c8",
   "metadata": {
    "tags": []
   },
   "outputs": [
    {
     "data": {
      "text/plain": [
       "Index(['CRIM', 'ZN', 'INDUS', 'CHAS', 'NOX', 'RM', 'AGE', 'DIS', 'RAD', 'TAX',\n",
       "       'PTRATIO', 'B', 'LSTAT', 'MEDV'],\n",
       "      dtype='object')"
      ]
     },
     "execution_count": 4,
     "metadata": {},
     "output_type": "execute_result"
    }
   ],
   "source": [
    "housing.columns"
   ]
  },
  {
   "cell_type": "markdown",
   "id": "ffcac047-fceb-488b-a304-3e70dd7372cf",
   "metadata": {},
   "source": [
    "### EDA"
   ]
  },
  {
   "cell_type": "code",
   "execution_count": 5,
   "id": "fff59471-ee10-4788-8c5e-6aa6ec435fef",
   "metadata": {
    "tags": []
   },
   "outputs": [
    {
     "data": {
      "text/plain": [
       "CRIM       20\n",
       "ZN         20\n",
       "INDUS      20\n",
       "CHAS       20\n",
       "NOX         0\n",
       "RM          0\n",
       "AGE        20\n",
       "DIS         0\n",
       "RAD         0\n",
       "TAX         0\n",
       "PTRATIO     0\n",
       "B           0\n",
       "LSTAT      20\n",
       "MEDV        0\n",
       "dtype: int64"
      ]
     },
     "execution_count": 5,
     "metadata": {},
     "output_type": "execute_result"
    }
   ],
   "source": [
    "housing.isnull().sum()"
   ]
  },
  {
   "cell_type": "code",
   "execution_count": 6,
   "id": "96cee6a4-ec59-4efe-bcec-8c06b8335bf7",
   "metadata": {
    "tags": []
   },
   "outputs": [],
   "source": [
    "housing = housing.rename(columns = {'MEDV' : 'Price'})"
   ]
  },
  {
   "cell_type": "code",
   "execution_count": 7,
   "id": "1e2bf5c6-d59f-478e-99b9-50377a24416d",
   "metadata": {
    "tags": []
   },
   "outputs": [
    {
     "data": {
      "text/plain": [
       "<bound method DataFrame.info of         CRIM    ZN  INDUS  CHAS    NOX     RM   AGE     DIS  RAD  TAX  \\\n",
       "0    0.00632  18.0   2.31   0.0  0.538  6.575  65.2  4.0900    1  296   \n",
       "1    0.02731   0.0   7.07   0.0  0.469  6.421  78.9  4.9671    2  242   \n",
       "2    0.02729   0.0   7.07   0.0  0.469  7.185  61.1  4.9671    2  242   \n",
       "3    0.03237   0.0   2.18   0.0  0.458  6.998  45.8  6.0622    3  222   \n",
       "4    0.06905   0.0   2.18   0.0  0.458  7.147  54.2  6.0622    3  222   \n",
       "..       ...   ...    ...   ...    ...    ...   ...     ...  ...  ...   \n",
       "501  0.06263   0.0  11.93   0.0  0.573  6.593  69.1  2.4786    1  273   \n",
       "502  0.04527   0.0  11.93   0.0  0.573  6.120  76.7  2.2875    1  273   \n",
       "503  0.06076   0.0  11.93   0.0  0.573  6.976  91.0  2.1675    1  273   \n",
       "504  0.10959   0.0  11.93   0.0  0.573  6.794  89.3  2.3889    1  273   \n",
       "505  0.04741   0.0  11.93   0.0  0.573  6.030   NaN  2.5050    1  273   \n",
       "\n",
       "     PTRATIO       B  LSTAT  Price  \n",
       "0       15.3  396.90   4.98   24.0  \n",
       "1       17.8  396.90   9.14   21.6  \n",
       "2       17.8  392.83   4.03   34.7  \n",
       "3       18.7  394.63   2.94   33.4  \n",
       "4       18.7  396.90    NaN   36.2  \n",
       "..       ...     ...    ...    ...  \n",
       "501     21.0  391.99    NaN   22.4  \n",
       "502     21.0  396.90   9.08   20.6  \n",
       "503     21.0  396.90   5.64   23.9  \n",
       "504     21.0  393.45   6.48   22.0  \n",
       "505     21.0  396.90   7.88   11.9  \n",
       "\n",
       "[506 rows x 14 columns]>"
      ]
     },
     "execution_count": 7,
     "metadata": {},
     "output_type": "execute_result"
    }
   ],
   "source": [
    "housing.info"
   ]
  },
  {
   "cell_type": "code",
   "execution_count": 8,
   "id": "a6307858-343a-49b1-82ce-e5f179e6bf4d",
   "metadata": {
    "tags": []
   },
   "outputs": [
    {
     "data": {
      "text/html": [
       "<div>\n",
       "<style scoped>\n",
       "    .dataframe tbody tr th:only-of-type {\n",
       "        vertical-align: middle;\n",
       "    }\n",
       "\n",
       "    .dataframe tbody tr th {\n",
       "        vertical-align: top;\n",
       "    }\n",
       "\n",
       "    .dataframe thead th {\n",
       "        text-align: right;\n",
       "    }\n",
       "</style>\n",
       "<table border=\"1\" class=\"dataframe\">\n",
       "  <thead>\n",
       "    <tr style=\"text-align: right;\">\n",
       "      <th></th>\n",
       "      <th>CRIM</th>\n",
       "      <th>ZN</th>\n",
       "      <th>INDUS</th>\n",
       "      <th>CHAS</th>\n",
       "      <th>NOX</th>\n",
       "      <th>RM</th>\n",
       "      <th>AGE</th>\n",
       "      <th>DIS</th>\n",
       "      <th>RAD</th>\n",
       "      <th>TAX</th>\n",
       "      <th>PTRATIO</th>\n",
       "      <th>B</th>\n",
       "      <th>LSTAT</th>\n",
       "      <th>Price</th>\n",
       "    </tr>\n",
       "  </thead>\n",
       "  <tbody>\n",
       "    <tr>\n",
       "      <th>count</th>\n",
       "      <td>486.000000</td>\n",
       "      <td>486.000000</td>\n",
       "      <td>486.000000</td>\n",
       "      <td>486.000000</td>\n",
       "      <td>506.000000</td>\n",
       "      <td>506.000000</td>\n",
       "      <td>486.000000</td>\n",
       "      <td>506.000000</td>\n",
       "      <td>506.000000</td>\n",
       "      <td>506.000000</td>\n",
       "      <td>506.000000</td>\n",
       "      <td>506.000000</td>\n",
       "      <td>486.000000</td>\n",
       "      <td>506.000000</td>\n",
       "    </tr>\n",
       "    <tr>\n",
       "      <th>mean</th>\n",
       "      <td>3.611874</td>\n",
       "      <td>11.211934</td>\n",
       "      <td>11.083992</td>\n",
       "      <td>0.069959</td>\n",
       "      <td>0.554695</td>\n",
       "      <td>6.284634</td>\n",
       "      <td>68.518519</td>\n",
       "      <td>3.795043</td>\n",
       "      <td>9.549407</td>\n",
       "      <td>408.237154</td>\n",
       "      <td>18.455534</td>\n",
       "      <td>356.674032</td>\n",
       "      <td>12.715432</td>\n",
       "      <td>22.532806</td>\n",
       "    </tr>\n",
       "    <tr>\n",
       "      <th>std</th>\n",
       "      <td>8.720192</td>\n",
       "      <td>23.388876</td>\n",
       "      <td>6.835896</td>\n",
       "      <td>0.255340</td>\n",
       "      <td>0.115878</td>\n",
       "      <td>0.702617</td>\n",
       "      <td>27.999513</td>\n",
       "      <td>2.105710</td>\n",
       "      <td>8.707259</td>\n",
       "      <td>168.537116</td>\n",
       "      <td>2.164946</td>\n",
       "      <td>91.294864</td>\n",
       "      <td>7.155871</td>\n",
       "      <td>9.197104</td>\n",
       "    </tr>\n",
       "    <tr>\n",
       "      <th>min</th>\n",
       "      <td>0.006320</td>\n",
       "      <td>0.000000</td>\n",
       "      <td>0.460000</td>\n",
       "      <td>0.000000</td>\n",
       "      <td>0.385000</td>\n",
       "      <td>3.561000</td>\n",
       "      <td>2.900000</td>\n",
       "      <td>1.129600</td>\n",
       "      <td>1.000000</td>\n",
       "      <td>187.000000</td>\n",
       "      <td>12.600000</td>\n",
       "      <td>0.320000</td>\n",
       "      <td>1.730000</td>\n",
       "      <td>5.000000</td>\n",
       "    </tr>\n",
       "    <tr>\n",
       "      <th>25%</th>\n",
       "      <td>0.081900</td>\n",
       "      <td>0.000000</td>\n",
       "      <td>5.190000</td>\n",
       "      <td>0.000000</td>\n",
       "      <td>0.449000</td>\n",
       "      <td>5.885500</td>\n",
       "      <td>45.175000</td>\n",
       "      <td>2.100175</td>\n",
       "      <td>4.000000</td>\n",
       "      <td>279.000000</td>\n",
       "      <td>17.400000</td>\n",
       "      <td>375.377500</td>\n",
       "      <td>7.125000</td>\n",
       "      <td>17.025000</td>\n",
       "    </tr>\n",
       "    <tr>\n",
       "      <th>50%</th>\n",
       "      <td>0.253715</td>\n",
       "      <td>0.000000</td>\n",
       "      <td>9.690000</td>\n",
       "      <td>0.000000</td>\n",
       "      <td>0.538000</td>\n",
       "      <td>6.208500</td>\n",
       "      <td>76.800000</td>\n",
       "      <td>3.207450</td>\n",
       "      <td>5.000000</td>\n",
       "      <td>330.000000</td>\n",
       "      <td>19.050000</td>\n",
       "      <td>391.440000</td>\n",
       "      <td>11.430000</td>\n",
       "      <td>21.200000</td>\n",
       "    </tr>\n",
       "    <tr>\n",
       "      <th>75%</th>\n",
       "      <td>3.560263</td>\n",
       "      <td>12.500000</td>\n",
       "      <td>18.100000</td>\n",
       "      <td>0.000000</td>\n",
       "      <td>0.624000</td>\n",
       "      <td>6.623500</td>\n",
       "      <td>93.975000</td>\n",
       "      <td>5.188425</td>\n",
       "      <td>24.000000</td>\n",
       "      <td>666.000000</td>\n",
       "      <td>20.200000</td>\n",
       "      <td>396.225000</td>\n",
       "      <td>16.955000</td>\n",
       "      <td>25.000000</td>\n",
       "    </tr>\n",
       "    <tr>\n",
       "      <th>max</th>\n",
       "      <td>88.976200</td>\n",
       "      <td>100.000000</td>\n",
       "      <td>27.740000</td>\n",
       "      <td>1.000000</td>\n",
       "      <td>0.871000</td>\n",
       "      <td>8.780000</td>\n",
       "      <td>100.000000</td>\n",
       "      <td>12.126500</td>\n",
       "      <td>24.000000</td>\n",
       "      <td>711.000000</td>\n",
       "      <td>22.000000</td>\n",
       "      <td>396.900000</td>\n",
       "      <td>37.970000</td>\n",
       "      <td>50.000000</td>\n",
       "    </tr>\n",
       "  </tbody>\n",
       "</table>\n",
       "</div>"
      ],
      "text/plain": [
       "             CRIM          ZN       INDUS        CHAS         NOX          RM  \\\n",
       "count  486.000000  486.000000  486.000000  486.000000  506.000000  506.000000   \n",
       "mean     3.611874   11.211934   11.083992    0.069959    0.554695    6.284634   \n",
       "std      8.720192   23.388876    6.835896    0.255340    0.115878    0.702617   \n",
       "min      0.006320    0.000000    0.460000    0.000000    0.385000    3.561000   \n",
       "25%      0.081900    0.000000    5.190000    0.000000    0.449000    5.885500   \n",
       "50%      0.253715    0.000000    9.690000    0.000000    0.538000    6.208500   \n",
       "75%      3.560263   12.500000   18.100000    0.000000    0.624000    6.623500   \n",
       "max     88.976200  100.000000   27.740000    1.000000    0.871000    8.780000   \n",
       "\n",
       "              AGE         DIS         RAD         TAX     PTRATIO           B  \\\n",
       "count  486.000000  506.000000  506.000000  506.000000  506.000000  506.000000   \n",
       "mean    68.518519    3.795043    9.549407  408.237154   18.455534  356.674032   \n",
       "std     27.999513    2.105710    8.707259  168.537116    2.164946   91.294864   \n",
       "min      2.900000    1.129600    1.000000  187.000000   12.600000    0.320000   \n",
       "25%     45.175000    2.100175    4.000000  279.000000   17.400000  375.377500   \n",
       "50%     76.800000    3.207450    5.000000  330.000000   19.050000  391.440000   \n",
       "75%     93.975000    5.188425   24.000000  666.000000   20.200000  396.225000   \n",
       "max    100.000000   12.126500   24.000000  711.000000   22.000000  396.900000   \n",
       "\n",
       "            LSTAT       Price  \n",
       "count  486.000000  506.000000  \n",
       "mean    12.715432   22.532806  \n",
       "std      7.155871    9.197104  \n",
       "min      1.730000    5.000000  \n",
       "25%      7.125000   17.025000  \n",
       "50%     11.430000   21.200000  \n",
       "75%     16.955000   25.000000  \n",
       "max     37.970000   50.000000  "
      ]
     },
     "execution_count": 8,
     "metadata": {},
     "output_type": "execute_result"
    }
   ],
   "source": [
    "housing.describe()\n",
    "# showing only continuous features"
   ]
  },
  {
   "cell_type": "code",
   "execution_count": 9,
   "id": "1d5b9c9d-7d10-442a-ab6b-0dd4579b810e",
   "metadata": {
    "tags": []
   },
   "outputs": [],
   "source": [
    "df = housing.dropna()"
   ]
  },
  {
   "cell_type": "code",
   "execution_count": 10,
   "id": "756b7c41-d703-4cb4-8836-ba7b52edf5b2",
   "metadata": {
    "tags": []
   },
   "outputs": [
    {
     "data": {
      "text/plain": [
       "CRIM       0\n",
       "ZN         0\n",
       "INDUS      0\n",
       "CHAS       0\n",
       "NOX        0\n",
       "RM         0\n",
       "AGE        0\n",
       "DIS        0\n",
       "RAD        0\n",
       "TAX        0\n",
       "PTRATIO    0\n",
       "B          0\n",
       "LSTAT      0\n",
       "Price      0\n",
       "dtype: int64"
      ]
     },
     "execution_count": 10,
     "metadata": {},
     "output_type": "execute_result"
    }
   ],
   "source": [
    "df.isnull().sum()"
   ]
  },
  {
   "cell_type": "code",
   "execution_count": 11,
   "id": "58b21f2a-0c5c-407b-a798-6e3f0c4c8d2a",
   "metadata": {
    "tags": []
   },
   "outputs": [
    {
     "data": {
      "text/html": [
       "<div>\n",
       "<style scoped>\n",
       "    .dataframe tbody tr th:only-of-type {\n",
       "        vertical-align: middle;\n",
       "    }\n",
       "\n",
       "    .dataframe tbody tr th {\n",
       "        vertical-align: top;\n",
       "    }\n",
       "\n",
       "    .dataframe thead th {\n",
       "        text-align: right;\n",
       "    }\n",
       "</style>\n",
       "<table border=\"1\" class=\"dataframe\">\n",
       "  <thead>\n",
       "    <tr style=\"text-align: right;\">\n",
       "      <th></th>\n",
       "      <th>CRIM</th>\n",
       "      <th>ZN</th>\n",
       "      <th>INDUS</th>\n",
       "      <th>CHAS</th>\n",
       "      <th>NOX</th>\n",
       "      <th>RM</th>\n",
       "      <th>AGE</th>\n",
       "      <th>DIS</th>\n",
       "      <th>RAD</th>\n",
       "      <th>TAX</th>\n",
       "      <th>PTRATIO</th>\n",
       "      <th>B</th>\n",
       "      <th>LSTAT</th>\n",
       "      <th>Price</th>\n",
       "    </tr>\n",
       "  </thead>\n",
       "  <tbody>\n",
       "    <tr>\n",
       "      <th>CRIM</th>\n",
       "      <td>1.000000</td>\n",
       "      <td>-0.188075</td>\n",
       "      <td>0.391552</td>\n",
       "      <td>-0.051970</td>\n",
       "      <td>0.416160</td>\n",
       "      <td>-0.227170</td>\n",
       "      <td>0.341311</td>\n",
       "      <td>-0.365052</td>\n",
       "      <td>0.608667</td>\n",
       "      <td>0.560841</td>\n",
       "      <td>0.265428</td>\n",
       "      <td>-0.386254</td>\n",
       "      <td>0.461906</td>\n",
       "      <td>-0.397230</td>\n",
       "    </tr>\n",
       "    <tr>\n",
       "      <th>ZN</th>\n",
       "      <td>-0.188075</td>\n",
       "      <td>1.000000</td>\n",
       "      <td>-0.521256</td>\n",
       "      <td>-0.033357</td>\n",
       "      <td>-0.515660</td>\n",
       "      <td>0.343210</td>\n",
       "      <td>-0.568174</td>\n",
       "      <td>0.645359</td>\n",
       "      <td>-0.298773</td>\n",
       "      <td>-0.305768</td>\n",
       "      <td>-0.422164</td>\n",
       "      <td>0.169894</td>\n",
       "      <td>-0.415041</td>\n",
       "      <td>0.406822</td>\n",
       "    </tr>\n",
       "    <tr>\n",
       "      <th>INDUS</th>\n",
       "      <td>0.391552</td>\n",
       "      <td>-0.521256</td>\n",
       "      <td>1.000000</td>\n",
       "      <td>0.049820</td>\n",
       "      <td>0.762737</td>\n",
       "      <td>-0.403068</td>\n",
       "      <td>0.642387</td>\n",
       "      <td>-0.696569</td>\n",
       "      <td>0.591944</td>\n",
       "      <td>0.734204</td>\n",
       "      <td>0.395691</td>\n",
       "      <td>-0.344788</td>\n",
       "      <td>0.598156</td>\n",
       "      <td>-0.510829</td>\n",
       "    </tr>\n",
       "    <tr>\n",
       "      <th>CHAS</th>\n",
       "      <td>-0.051970</td>\n",
       "      <td>-0.033357</td>\n",
       "      <td>0.049820</td>\n",
       "      <td>1.000000</td>\n",
       "      <td>0.076661</td>\n",
       "      <td>0.095308</td>\n",
       "      <td>0.072644</td>\n",
       "      <td>-0.095037</td>\n",
       "      <td>0.014102</td>\n",
       "      <td>-0.026513</td>\n",
       "      <td>-0.104995</td>\n",
       "      <td>0.068913</td>\n",
       "      <td>-0.037113</td>\n",
       "      <td>0.173701</td>\n",
       "    </tr>\n",
       "    <tr>\n",
       "      <th>NOX</th>\n",
       "      <td>0.416160</td>\n",
       "      <td>-0.515660</td>\n",
       "      <td>0.762737</td>\n",
       "      <td>0.076661</td>\n",
       "      <td>1.000000</td>\n",
       "      <td>-0.316563</td>\n",
       "      <td>0.732540</td>\n",
       "      <td>-0.768137</td>\n",
       "      <td>0.628170</td>\n",
       "      <td>0.679824</td>\n",
       "      <td>0.210216</td>\n",
       "      <td>-0.384257</td>\n",
       "      <td>0.593655</td>\n",
       "      <td>-0.459054</td>\n",
       "    </tr>\n",
       "    <tr>\n",
       "      <th>RM</th>\n",
       "      <td>-0.227170</td>\n",
       "      <td>0.343210</td>\n",
       "      <td>-0.403068</td>\n",
       "      <td>0.095308</td>\n",
       "      <td>-0.316563</td>\n",
       "      <td>1.000000</td>\n",
       "      <td>-0.248670</td>\n",
       "      <td>0.218713</td>\n",
       "      <td>-0.236057</td>\n",
       "      <td>-0.320561</td>\n",
       "      <td>-0.390686</td>\n",
       "      <td>0.123320</td>\n",
       "      <td>-0.636226</td>\n",
       "      <td>0.723951</td>\n",
       "    </tr>\n",
       "    <tr>\n",
       "      <th>AGE</th>\n",
       "      <td>0.341311</td>\n",
       "      <td>-0.568174</td>\n",
       "      <td>0.642387</td>\n",
       "      <td>0.072644</td>\n",
       "      <td>0.732540</td>\n",
       "      <td>-0.248670</td>\n",
       "      <td>1.000000</td>\n",
       "      <td>-0.753547</td>\n",
       "      <td>0.443585</td>\n",
       "      <td>0.504472</td>\n",
       "      <td>0.264968</td>\n",
       "      <td>-0.281990</td>\n",
       "      <td>0.601137</td>\n",
       "      <td>-0.407470</td>\n",
       "    </tr>\n",
       "    <tr>\n",
       "      <th>DIS</th>\n",
       "      <td>-0.365052</td>\n",
       "      <td>0.645359</td>\n",
       "      <td>-0.696569</td>\n",
       "      <td>-0.095037</td>\n",
       "      <td>-0.768137</td>\n",
       "      <td>0.218713</td>\n",
       "      <td>-0.753547</td>\n",
       "      <td>1.000000</td>\n",
       "      <td>-0.477075</td>\n",
       "      <td>-0.529603</td>\n",
       "      <td>-0.228840</td>\n",
       "      <td>0.285168</td>\n",
       "      <td>-0.505036</td>\n",
       "      <td>0.279547</td>\n",
       "    </tr>\n",
       "    <tr>\n",
       "      <th>RAD</th>\n",
       "      <td>0.608667</td>\n",
       "      <td>-0.298773</td>\n",
       "      <td>0.591944</td>\n",
       "      <td>0.014102</td>\n",
       "      <td>0.628170</td>\n",
       "      <td>-0.236057</td>\n",
       "      <td>0.443585</td>\n",
       "      <td>-0.477075</td>\n",
       "      <td>1.000000</td>\n",
       "      <td>0.900000</td>\n",
       "      <td>0.441949</td>\n",
       "      <td>-0.444135</td>\n",
       "      <td>0.510868</td>\n",
       "      <td>-0.416638</td>\n",
       "    </tr>\n",
       "    <tr>\n",
       "      <th>TAX</th>\n",
       "      <td>0.560841</td>\n",
       "      <td>-0.305768</td>\n",
       "      <td>0.734204</td>\n",
       "      <td>-0.026513</td>\n",
       "      <td>0.679824</td>\n",
       "      <td>-0.320561</td>\n",
       "      <td>0.504472</td>\n",
       "      <td>-0.529603</td>\n",
       "      <td>0.900000</td>\n",
       "      <td>1.000000</td>\n",
       "      <td>0.446961</td>\n",
       "      <td>-0.435457</td>\n",
       "      <td>0.572218</td>\n",
       "      <td>-0.508864</td>\n",
       "    </tr>\n",
       "    <tr>\n",
       "      <th>PTRATIO</th>\n",
       "      <td>0.265428</td>\n",
       "      <td>-0.422164</td>\n",
       "      <td>0.395691</td>\n",
       "      <td>-0.104995</td>\n",
       "      <td>0.210216</td>\n",
       "      <td>-0.390686</td>\n",
       "      <td>0.264968</td>\n",
       "      <td>-0.228840</td>\n",
       "      <td>0.441949</td>\n",
       "      <td>0.446961</td>\n",
       "      <td>1.000000</td>\n",
       "      <td>-0.179816</td>\n",
       "      <td>0.395006</td>\n",
       "      <td>-0.543809</td>\n",
       "    </tr>\n",
       "    <tr>\n",
       "      <th>B</th>\n",
       "      <td>-0.386254</td>\n",
       "      <td>0.169894</td>\n",
       "      <td>-0.344788</td>\n",
       "      <td>0.068913</td>\n",
       "      <td>-0.384257</td>\n",
       "      <td>0.123320</td>\n",
       "      <td>-0.281990</td>\n",
       "      <td>0.285168</td>\n",
       "      <td>-0.444135</td>\n",
       "      <td>-0.435457</td>\n",
       "      <td>-0.179816</td>\n",
       "      <td>1.000000</td>\n",
       "      <td>-0.383783</td>\n",
       "      <td>0.347256</td>\n",
       "    </tr>\n",
       "    <tr>\n",
       "      <th>LSTAT</th>\n",
       "      <td>0.461906</td>\n",
       "      <td>-0.415041</td>\n",
       "      <td>0.598156</td>\n",
       "      <td>-0.037113</td>\n",
       "      <td>0.593655</td>\n",
       "      <td>-0.636226</td>\n",
       "      <td>0.601137</td>\n",
       "      <td>-0.505036</td>\n",
       "      <td>0.510868</td>\n",
       "      <td>0.572218</td>\n",
       "      <td>0.395006</td>\n",
       "      <td>-0.383783</td>\n",
       "      <td>1.000000</td>\n",
       "      <td>-0.743450</td>\n",
       "    </tr>\n",
       "    <tr>\n",
       "      <th>Price</th>\n",
       "      <td>-0.397230</td>\n",
       "      <td>0.406822</td>\n",
       "      <td>-0.510829</td>\n",
       "      <td>0.173701</td>\n",
       "      <td>-0.459054</td>\n",
       "      <td>0.723951</td>\n",
       "      <td>-0.407470</td>\n",
       "      <td>0.279547</td>\n",
       "      <td>-0.416638</td>\n",
       "      <td>-0.508864</td>\n",
       "      <td>-0.543809</td>\n",
       "      <td>0.347256</td>\n",
       "      <td>-0.743450</td>\n",
       "      <td>1.000000</td>\n",
       "    </tr>\n",
       "  </tbody>\n",
       "</table>\n",
       "</div>"
      ],
      "text/plain": [
       "             CRIM        ZN     INDUS      CHAS       NOX        RM       AGE  \\\n",
       "CRIM     1.000000 -0.188075  0.391552 -0.051970  0.416160 -0.227170  0.341311   \n",
       "ZN      -0.188075  1.000000 -0.521256 -0.033357 -0.515660  0.343210 -0.568174   \n",
       "INDUS    0.391552 -0.521256  1.000000  0.049820  0.762737 -0.403068  0.642387   \n",
       "CHAS    -0.051970 -0.033357  0.049820  1.000000  0.076661  0.095308  0.072644   \n",
       "NOX      0.416160 -0.515660  0.762737  0.076661  1.000000 -0.316563  0.732540   \n",
       "RM      -0.227170  0.343210 -0.403068  0.095308 -0.316563  1.000000 -0.248670   \n",
       "AGE      0.341311 -0.568174  0.642387  0.072644  0.732540 -0.248670  1.000000   \n",
       "DIS     -0.365052  0.645359 -0.696569 -0.095037 -0.768137  0.218713 -0.753547   \n",
       "RAD      0.608667 -0.298773  0.591944  0.014102  0.628170 -0.236057  0.443585   \n",
       "TAX      0.560841 -0.305768  0.734204 -0.026513  0.679824 -0.320561  0.504472   \n",
       "PTRATIO  0.265428 -0.422164  0.395691 -0.104995  0.210216 -0.390686  0.264968   \n",
       "B       -0.386254  0.169894 -0.344788  0.068913 -0.384257  0.123320 -0.281990   \n",
       "LSTAT    0.461906 -0.415041  0.598156 -0.037113  0.593655 -0.636226  0.601137   \n",
       "Price   -0.397230  0.406822 -0.510829  0.173701 -0.459054  0.723951 -0.407470   \n",
       "\n",
       "              DIS       RAD       TAX   PTRATIO         B     LSTAT     Price  \n",
       "CRIM    -0.365052  0.608667  0.560841  0.265428 -0.386254  0.461906 -0.397230  \n",
       "ZN       0.645359 -0.298773 -0.305768 -0.422164  0.169894 -0.415041  0.406822  \n",
       "INDUS   -0.696569  0.591944  0.734204  0.395691 -0.344788  0.598156 -0.510829  \n",
       "CHAS    -0.095037  0.014102 -0.026513 -0.104995  0.068913 -0.037113  0.173701  \n",
       "NOX     -0.768137  0.628170  0.679824  0.210216 -0.384257  0.593655 -0.459054  \n",
       "RM       0.218713 -0.236057 -0.320561 -0.390686  0.123320 -0.636226  0.723951  \n",
       "AGE     -0.753547  0.443585  0.504472  0.264968 -0.281990  0.601137 -0.407470  \n",
       "DIS      1.000000 -0.477075 -0.529603 -0.228840  0.285168 -0.505036  0.279547  \n",
       "RAD     -0.477075  1.000000  0.900000  0.441949 -0.444135  0.510868 -0.416638  \n",
       "TAX     -0.529603  0.900000  1.000000  0.446961 -0.435457  0.572218 -0.508864  \n",
       "PTRATIO -0.228840  0.441949  0.446961  1.000000 -0.179816  0.395006 -0.543809  \n",
       "B        0.285168 -0.444135 -0.435457 -0.179816  1.000000 -0.383783  0.347256  \n",
       "LSTAT   -0.505036  0.510868  0.572218  0.395006 -0.383783  1.000000 -0.743450  \n",
       "Price    0.279547 -0.416638 -0.508864 -0.543809  0.347256 -0.743450  1.000000  "
      ]
     },
     "execution_count": 11,
     "metadata": {},
     "output_type": "execute_result"
    }
   ],
   "source": [
    "# coorelation\n",
    "df.corr()"
   ]
  },
  {
   "cell_type": "code",
   "execution_count": 12,
   "id": "0839b9e0-c4ab-473d-a0e6-ecd584384109",
   "metadata": {
    "tags": []
   },
   "outputs": [
    {
     "data": {
      "text/plain": [
       "<seaborn.axisgrid.PairGrid at 0x1f2f4456e70>"
      ]
     },
     "execution_count": 12,
     "metadata": {},
     "output_type": "execute_result"
    },
    {
     "data": {
